AUG24-MVS-BUS-Holiday-02,1,0,0,0,0,0,0,20240902,20240902
AUG24-MVS-BUS-Saturday-01,0,0,0,0,0,1,0,20240817,20240914
AUG24-MVS-BUS-Saturday-02,0,0,0,0,0,1,0,20240824,20240831
AUG24-MVS-BUS-Sunday-01,0,0,0,0,0,0,1,20240818,20240915
AUG24-MVS-BUS-Sunday-02,0,0,0,0,0,0,1,20240825,20240901
AUG24-MVS-BUS-Weekday-01,1,1,1,1,1,0,0,20240903,20240920
AUG24-MVS-BUS-Weekday-03,1,1,1,1,1,0,0,20240822,20240830
AUG24-MVS-BUS-Weekday-06,1,1,1,0,0,0,0,20240819,20240821
AUG24-MVS-MTS-Holiday-01,1,0,0,0,0,0,0,20240902,20240902
AUG24-MVS-MTS-Saturday-01,0,0,0,0,0,1,0,20240817,20240914
AUG24-MVS-MTS-Sunday-01,0,0,0,0,0,0,1,20240818,20240915
AUG24-MVS-MTS-Weekday-01,1,1,1,1,1,0,0,20240819,20240920
AUG24-MVS-NS-Saturday-02,0,0,0,0,0,1,0,20240824,20240914
AUG24-MVS-NS-Sunday-01,0,0,0,0,0,0,1,20240825,20240901
AUG24-MVS-NS-Sunday-02,0,0,0,0,0,0,1,20240915,20240915
AUG24-MVS-NS-Weekday-01,1,1,1,1,1,0,0,20240819,20240920
AUG24-MVS-SUB-Weekday-01,1,1,1,1,1,0,0,20240819,20240920
AUG24-MVS-UM-Holiday-01,1,0,0,0,0,0,0,20240902,20240902
AUG24-MVS-UM-Saturday-02,0,0,0,0,0,1,0,20240831,20240831
AUG24-MVS-UM-Sunday-02,0,0,0,0,0,0,1,20240901,20240901
AUG24-MVS-UM-Weekday-01,1,1,1,1,1,0,0,20240819,20240920
AUG24-MVS-UM-Weekday-04,1,1,1,1,1,0,0,20240826,20240830
AUG24-MVS-UM-Weekday-04-00003,1,1,1,1,1,0,0,20240826,20240830
AUG24-MVS-UM-Weekday-04-00012,1,1,1,1,1,0,0,20240826,20240830
AUG24-MVS-UM-Weekday-04-00045,1,1,1,1,1,0,0,20240826,20240830
AUG24-MVS-UM-Weekday-04-01245,1,1,1,1,1,0,0,20240826,20240830
AUG24-RAIL-Holiday-01,1,0,0,0,0,0,0,20240902,20240902
AUG24-RAIL-Saturday-01,0,0,0,0,0,1,0,20240817,20240914
AUG24-RAIL-Sunday-01,0,0,0,0,0,0,1,20240818,20240915
AUG24-RAIL-Weekday-01,1,1,1,1,1,0,0,20240819,20240920
JUN24-MVS-BUS-Saturday-01,0,0,0,0,0,1,0,20240803,20240810
JUN24-MVS-BUS-Sunday-01,0,0,0,0,0,0,1,20240804,20240811
JUN24-MVS-BUS-Weekday-01,1,1,1,1,1,0,0,20240805,20240816
JUN24-MVS-MTS-Saturday-01,0,0,0,0,0,1,0,20240803,20240810
JUN24-MVS-MTS-Sunday-01,0,0,0,0,0,0,1,20240804,20240811
JUN24-MVS-MTS-Weekday-01,1,1,1,1,1,0,0,20240805,20240816
JUN24-MVS-NS-Saturday-02,0,0,0,0,0,1,0,20240803,20240810
JUN24-MVS-NS-Sunday-01,0,0,0,0,0,0,1,20240804,20240811
JUN24-MVS-NS-Weekday-01,1,1,1,1,1,0,0,20240805,20240816
JUN24-MVS-NS-Weekday-03,0,0,1,0,0,0,0,20240814,20240814
JUN24-MVS-NS-Weekday-04,0,0,0,0,1,0,0,20240809,20240809
JUN24-MVS-SUB-Weekday-01,1,1,1,1,1,0,0,20240805,20240816
JUN24-MVS-UM-Weekday-02,1,1,1,1,1,0,0,20240805,20240816
JUN24-RAIL-Saturday-01,0,0,0,0,0,1,0,20240803,20240810
JUN24-RAIL-Sunday-01,0,0,0,0,0,0,1,20240804,20240811
JUN24-RAIL-Weekday-01,1,1,1,1,1,0,0,20240805,20240816
