205
208
216
217
218
219
220
542
543
544
545
690
938
979
989
990
1124
1127
1130
1131
1132
1133
1134
1136
1139
1140
1141
1142
1143
1144
1145
1146
1147
1148
1149
1150
1888
1889
1890
2882
2883
2884
3047
3131
3561
3888
3904
4111
4366
4697
4698
4738
4801
5090
5091
5093
5112
5114
5115
5267
5269
5277
5298
5307
5323
5337
5338
5348
5356
6391
8386
8387
9718
9719
9998
10066
10067
10068
10069
10691
10929
10931
11227
11442
11608
11672
11776
11891
11896
12385
12818
12822
13038
13069
13348
13349
13354
13357
13358
13361
13362
13365
13366
13368
13371
13372
13378
13379
13382
13586
13587
13615
13616
13618
13619
13667
14155
14169
14170
14177
14178
14179
15897
15934
15935
15936
15939
15943
16042
16107
16108
16111
16113
16116
16855
16857
17366
18042
18556
20011
40055
40111
40212
40288
41586
42206
42407
42444
42886
43728
47086
47087
47583
47584
47592
47593
47594
47595
47596
47597
47806
47807
47808
48084
48194
48361
48362
48363
48365
48984
49097
49242
49538
49678
49752
49881
49911
49938
49939
49940
49950
49951
49952
49979
49993
49995
50156
50665
51114
51116
51125
51130
51131
51204
51573
52038
52177
52676
52680
52747
52758
52760
53277
53418
53426
53761
53764
53838
54035
54037
54038
54047
56116
56460
56502
56598
56713
56714
56745
56831
56881
56966
56980
57022
57188
57193
57315
80074
80084
80477
80505
80506
80507
80508
80509
80510
80511
80512
80513
80514
80515
80517
80518
80568
80581
80592
80593
80598
80606
80611
80612
80613
80614
80616
80617
80622
